2.89
37.6
28.86
5.89
13.68
11.94
21.09
31.09
1.97
0.58
36.13
11.34
28.73
0.04
11.79
25.57
5.2
58.11
46.34
0.62
0.52
15.59
55.99
9.6
4.88
10.97
0.59
5.01
11.52
13.7
5.31
5.25
4.94
12.31
6.84
0.43
36.35
16.26
20.56
4.11
97.97
39.31
2.58
8.09
24.84
55.12
35.44
22.19
7.23
17.71
42.82
37.44
14.08
17.78
0.7
5.56
31.93
10.7
3.8
15.92
24.28
22.45
9.39
11.56
14.2
30.14
14.72
9.99
13.45
0.6
0.89
24.31
81.71
17.99
10.0
3.74
13.95
80.43
29.44
15.51
39.36
5.28
14.42
60.93
17.25
12.29
6.27
15.88
62.99
0.11
30.62
34.35
43.46
26.98
33.12
14.62
16.48
11.11
1.16
40.81
16.88
4.46
14.05
13.27
8.83
8.5
15.46
19.54
18.96
12.26
0.57
5.22
3.9
17.56
39.47
32.03
31.9
33.9
5.9
36.87
22.36
1.74
0.34
0.29
28.18
5.74
2.32
19.61
8.44
1.44
3.48
14.99
3.68
6.37
24.87
12.13
7.77
12.84
0.48
9.77
10.93
4.17
2.3
46.02
14.27
4.69
18.61
33.97
0.42
0.36
3.17
25.38
3.49
24.39
22.67
15.74
4.98
74.26
31.97
14.54
5.05
20.91
10.05
17.15
7.75
19.94
1.21
7.09
68.78
41.67
7.32
39.11
7.43
56.03
27.24
10.76
5.82
0.17
42.19
0.77
34.23
65.51
16.89
3.76
40.47
72.82
24.35
14.22
9.5
8.52
4.61
22.43
11.35
4.32
2.21
21.93
7.02
13.85
7.87
41.06
45.99
0.37
4.48
7.94
86.93
30.53
8.28
4.79
36.37
53.82
8.43
42.81
23.24
13.25
84.68
5.35
25.85
1.77
3.72
48.38
28.47
18.34
36.79
9.18
8.32
6.88
40.41
18.53
61.72
43.65
2.91
16.02
2.2
0.8
1.52
40.22
31.03
35.26
8.34
19.1
30.46
16.92
5.06
1.71
6.2
44.29
16.62
51.82
12.24
6.49
30.93
35.18
0.25
22.2
1.92
2.45
43.27
0.82
5.48
88.72
2.46
3.66
5.53
27.25
2.17
48.33
9.51
70.31
47.99
6.96
5.84
12.96
2.11
21.11
0.81
0.21
81.01
7.01
18.16
11.95
7.52
1.3
48.93
70.01
70.0
2.36
4.85
19.24
78.19
15.66
23.31
21.68
6.0
15.6
7.34
5.66
1.7
6.59
81.94
11.88
20.63
56.51
9.9
7.33
7.93
7.62
37.56
44.79
7.21
8.14
15.72
17.3
18.12
5.62
0.41
5.59
1.5
1.47
1.56
20.18
6.87
31.42
13.6
39.7
3.35
13.92
31.69
1.6
59.61
29.94
83.86
34.47
7.71
2.26
14.45
50.35
6.95
44.84
3.06
48.27
0.65
7.6
46.68
32.58
47.54
36.74
27.42
23.4
3.92
3.44
25.09
22.04
1.33
66.15
33.03
15.94
38.12
12.08
10.07
8.27
5.97
0.49
20.79
10.78
16.91
1.29
8.77
2.98
2.67
35.31
10.14
10.25
5.32
0.15
15.05
13.9
20.93
11.54
23.2
26.29
5.45
13.67
13.03
5.1
10.63
16.44
47.49
49.95
6.44
0.99
1.48
14.34
41.98
3.47
29.05
42.91
7.47
23.59
37.81
9.29
24.17
26.67
18.06
38.8
45.38
64.42
16.94
3.88
5.77
4.91
16.86
28.36
1.07
22.89
25.26
8.55
14.47
3.6
26.18
0.83
79.5
33.0
19.8
6.23
48.81
64.1
3.0
29.9
36.89
21.56
24.11
11.78
51.62
70.95
9.64
32.46
2.7
47.91
64.09
2.54
18.36
10.49
2.51
7.0
5.71
27.69
0.08
4.21
11.55
19.75
36.08
4.63
6.7
15.63
6.38
17.63
5.78
23.01
31.32
33.07
72.7
15.77
13.5
38.72
29.31
16.9
9.67
6.68
2.29
32.96
27.51
15.76
67.02
28.63
72.63
2.94
13.88
17.0
7.46
13.98
15.03
0.02
11.68
7.27
10.2
30.57
23.0
13.56
20.86
9.48
4.56
6.5
18.23
42.68
35.37
14.31
86.88
12.38
35.99
10.52
27.3
87.79
7.29
3.73
19.35
15.14
8.91
0.07
9.86
11.1
10.39
39.5
26.47
45.64
27.63
13.57
27.39
20.45
20.92
19.87
10.45
19.85
20.09
55.33
30.51
37.45
29.18
33.78
18.6
8.6
6.15
24.62
41.42
3.3
35.79
12.59
0.93
14.28
27.31
10.98
8.78
21.39
0.4
14.15
58.42
23.45
10.28
23.35
18.58
4.66
43.44
35.52
14.81
14.33
26.69
3.69
21.17
25.0
33.75
6.29
18.82
16.47
3.78
31.19
40.31
8.0
5.03
66.37
24.53
37.13
45.93
19.48
7.61
11.3
28.68
30.78
19.66
3.62
72.28
11.72
48.87
26.06
18.64
6.08
14.96
2.97
25.16
8.96
27.84
5.5
25.33
25.35
2.25
10.12
4.13
1.14
18.2
43.94
0.71
24.34
33.74
66.55
19.0
8.38
36.39
2.0
10.21
13.66
9.49
5.27
34.31
12.42
17.35
4.76
25.1
8.01
18.01
48.05
103.68
0.95
38.98
7.7
9.66
17.36
50.23
42.41
28.42
48.99
0.31
3.14
21.86
1.18
9.54
2.78
12.43
36.65
47.31
0.72
1.26
36.73
0.88
6.39
2.5
1.91
0.56
20.3
23.22
37.37
21.75
9.88
69.86
20.52
5.57
1.24
54.72
17.86
16.43
14.77
1.25
8.72
10.64
4.45
42.42
11.04
21.72
27.2
25.54
27.9
5.8
74.93
3.27
50.18
38.56
38.23
1.09
33.54
12.67
9.25
83.58
15.16
2.74
10.06
24.6
42.79
0.5
14.87
1.89
32.23
1.79
9.7
26.38
7.51
2.79
31.65
32.89
38.74
7.24
11.06
5.63
16.29
30.61
62.61
17.55
21.14
11.91
88.51
25.42
36.01
15.34
45.43
35.63
6.89
3.42
2.05
8.47
17.11
21.06
7.53
8.7
27.61
13.91
14.94
3.22
49.17
7.88
1.43
77.66
13.07
52.52
69.97
33.82
51.92
51.1
32.33
14.83
17.14
97.85
30.64
24.27
27.46
8.98
57.05
10.3
12.49
78.0
15.19
3.67
3.21
23.25
16.55
47.46
4.08
10.59
26.04
1.03
2.09
15.78
6.18
6.07
20.0
14.95
1.63
1.51
38.03
20.61
3.81
39.59
0.44
37.63
24.78
6.67
44.38
40.12
44.66
11.08
22.52
15.73
57.91
32.01
25.88
33.64
125.96
5.93
4.5
27.47
29.42
14.44
13.35
10.34
42.86
31.82
17.57
38.1
12.27
7.12
23.51
2.56
43.64
27.48
70.67
16.97
16.03
14.92
15.62
34.14
61.31
10.5
19.88
7.36
7.19
14.12
17.65
15.97
75.08
3.56
20.25
104.17
26.65
16.69
9.19
10.29
55.14
45.14
22.15
45.8
51.85
37.46
31.78
9.32
27.68
13.13
8.21
12.18
2.48
8.75
10.73
6.03
39.02
17.81
6.77
121.73
26.9
11.37
30.01
13.3
25.14
13.52
71.15
25.19
2.77
67.93
5.21
0.53
60.8
10.19
25.71
35.96
1.87
18.93
109.38
15.95
15.29
8.51
58.41
69.87
2.18
16.1
10.88
22.27
2.53
6.17
6.54
31.53
30.88
22.59
1.82
22.09
6.97
14.18
47.09
2.47
38.47
2.24
47.16
4.49
14.71
43.78
96.73
6.81
45.08
4.83
28.51
8.22
13.31
90.14
21.42
52.02
69.27
15.55
11.61
28.53
36.95
5.19
6.42
24.5
